 -5.69093844   5.69568864   5.69658436
  5.70038507  -5.69862648   5.70895931
  5.70085022   5.70853738  -5.69951987
64  # cont2xyz 
 -0.0032411004568558  0.0010113867567393  0.0042270906937092 27 1 Al1
  0.0000543766754934  0.4998338798942800  0.0002599010787384 28 1 Al1
  0.5003667728745467 -0.0006550026463758  0.5003013345112431 27 1 Al1
 -0.0003926288631291 -0.0053582569398865  0.5034549749481330 27 1 Al1
 -0.5000000000000000 -0.5000000000000000  0.0000000000000000 0 1 Al1
  0.4965336401784195  0.0053795170519217  0.0005101668702430 27 1 Al1
  0.0010056405622835  0.4946367203311448  0.4969962979105723 27 1 Al1
  0.5040139057237515  0.4998969283210483  0.4948585660460374 27 1 Al1
  0.2522402744616519  0.2512359340332985  0.2594675139158590 13 2 Al2
  0.2572939895367313  0.4997757721472125 -0.0017058078269625 13 2 Al2
  0.5078671752145811 -0.0005023744357152  0.2473684103913376 13 2 Al2
  0.0048173482611520  0.2416702504579195  0.4943799006295410 13 2 Al2
  0.7401948579980182  0.7475778197342137  0.7473479873725904 13 2 Al2
  0.7438728531991557  0.4993852900331238  0.0001078434069482 13 2 Al2
  0.4996646217983077 -0.0081632847146029  0.7515819737998818 13 2 Al2
 -0.0002786132296471  0.7503897916519938  0.5009212221268631 13 2 Al2
  0.2460366839697918  0.2472836196019955  0.0033048492750513 28 3 Al3
  0.2568973522888828  0.7511100085631642  0.0036064498129501 27 3 Al3
  0.7500065061224612  0.2527966116686833  0.5031213410215496 28 3 Al3
  0.2445000000000000  0.2500000000000000  0.4945000000000000 0 3 Al3
 -0.2500000000000000  0.0055000000000000  0.2555000000000000 0 3 Al3
  0.4987271844430755  0.2487042807551690  0.2497228084104994 27 3 Al3
  0.0022122682962649  0.2500777357030219  0.7470408500941295 27 3 Al3
  0.0022399144514664  0.2548396065993019  0.2467310547396891 28 3 Al3
  0.2529664240577385 -0.0034250159736551  0.2455857696447278 28 3 Al3
  0.4943629338361389  0.7493203288915414  0.2528605897571893 28 3 Al3
  0.2401630268506315  0.4986425310110769  0.7491099776719631 27 3 Al3
  0.2525608644384555  0.4986465177531291  0.2512874718571731 27 3 Al3
  0.7580966605577936  0.7485270302010972  0.9990763530010145 28 3 Al3
  0.7461120528095447  0.2472491358091810  0.9982286328091056 27 3 Al3
  0.2449182178693546  0.7520599459018580  0.4961053929621376 28 3 Al3
  0.7480574684754123  0.7497015504551152  0.4980682325330493 27 3 Al3
  0.2530982833188140  0.0020463829553109  0.7492072577240142 27 3 Al3
 -0.4945000000000000 -0.2445000000000000 -0.2500000000000000 0 3 Al3
  0.9960583282066737  0.7506735757189860  0.2499737334376439 27 3 Al3
  0.9968822338434977  0.7500628699398177  0.7477053546098285 28 3 Al3
  0.7530095741952457  0.0032785763702162  0.7501075998322789 28 3 Al3
  0.5054093082067051  0.2448133265133405  0.7517166828665354 28 3 Al3
  0.7561966547162518  0.5021239895268362  0.2543143301603290 28 3 Al3
  0.7444650300660828  0.5011410940712107  0.7517436258095556 27 3 Al3
  0.2574390739567235  0.7494897175613389  0.7527608710784852 13 4 M
  0.7497456837467149  0.4991569387977945  0.4998881731701238 13 4 M
  0.4879465378156615  0.4982025560865616  0.7463855130710076 13 4 M
  0.4985902955208800  0.2530117327859838  0.0008284854945036 13 4 M
  0.0034780091348068  0.7508954084449541  0.0003751505878338 13 4 M
  0.2480603017320588  0.0070006108195302  0.4991796490067953 13 4 M
  0.0012785200300049  0.4998861328075579  0.2500957343277426 13 4 M
  0.7412170167876301 -0.0059213710660788  0.0033895187107083 13 4 M
  0.7520073496286151  0.2505596850017941  0.7493597079336130 13 4 M
  0.7445480566379460  0.7553901134911048  0.2458030934427481 13 4 M
  0.4992900665692097  0.7474344655555464  0.5033515487618189 13 4 M
  0.0013097001171132  0.0015013322328762  0.7505045472530032 13 4 M
  0.7485396632987595  0.2446033187162584  0.2483060855670107 13 4 M
  0.2612754658988821  0.5018712860503530  0.5112520272238593 13 4 M
  0.5019917569899025  0.5003562210936671  0.2473707389865106 13 4 M
  0.5041020010399924  0.7473972943488865  0.9933693156507430 13 4 M
  0.9981725570410755  0.2492510027733656  0.9984410352500725 13 4 M
  0.7527986845064434  0.9999609344329448  0.4961352839810696 13 4 M
 -0.0010709515492032  0.5014219198293636  0.7500618067498495 13 4 M
  0.2487658435764681  0.9982864092396015  0.9973237148536668 13 4 M
  0.2480100642010556  0.7497585844534242  0.2503908645531025 13 4 M
  0.2552207794870797  0.2560207732618332  0.7469806720551456 13 4 M
  0.4961491509529809  0.2531132716061976  0.5019894904255234 13 4 M
  0.9986442879244549  0.0045635879624304  0.2577612379599119 13 4 M
