19.819569980 -4.049084590  0.021937510
19.817845240  4.040728640  0.020826280
 0.025162680 -0.003287440 23.338067070
267 # cont2xyz  | scell 1,0,0x1,1,0x0,0,1
   0.3567220982    0.3573498992   -0.3195059311    27     1 Co1
  -0.0479816109   -0.0512331963    0.1770388397    27     2 Co2
   0.0497823780    0.0510963554   -0.3231146420    27     3 Co3
  -0.2980741910   -0.2987196016   -0.1312762942    27     4 Co4
  -0.1671878231   -0.1666957927    0.1629951452    28     5 Co5
   0.1664406104    0.1657699156   -0.3392847479    28     6 Co6
   0.3967647238    0.3923453048    0.4844629624    27     7 Co7
  -0.0461430022   -0.0493849954   -0.4371338813    27     8 Co8
  -0.0149652504   -0.0142008653   -0.0152428305    27     9 Co9
  -0.1104569819   -0.1096329380    0.4884134673    27    10 Co10
  -0.0138562892   -0.0133555056    0.3687845838    27    11 Co11
  -0.1060495095   -0.1066825510   -0.1356507902    27    12 Co12
   0.4127951989    0.4129894115    0.3625674163    27    13 Co13
   0.0129380658    0.0147233912    0.4843198534    28    14 Co14
   0.3507130327    0.3506011937    0.0677213303    28    15 Co15
   0.0816902034    0.0824690431   -0.1282325551    27    16 Co16
  -0.3510257666   -0.3549690568   -0.4324940780    28    17 Co17
   0.2408684420    0.2438054136   -0.3254259422    27    18 Co18
  -0.1446195497   -0.1434218755   -0.3258459867    27    19 Co19
  -0.2902060844   -0.2970012624    0.4873104185    28    20 Co20
  -0.2399390543   -0.2447236007    0.1685910503    28    21 Co21
   0.1039065217    0.1028966823    0.3576261545    28    22 Co22
   0.2635106218    0.2694960386    0.1778335554    27    23 Co23
  -0.2009035218   -0.2014506145   -0.0135380552    27    24 Co24
  -0.1940905647   -0.2097387928    0.3597717149    27    25 Co25
  -0.3941611249   -0.3924457145    0.3755860850    28    26 Co26
   0.3903553334    0.3907006306   -0.1315084318    27    27 Co27
  -0.3625869978   -0.3611971968    0.1787880361    28    28 Co28
  -0.2637345765   -0.2635571388   -0.3246559678    27    29 Co29
   0.2927079409    0.2940207566   -0.0192703868    27    30 Co30
   0.1046180684    0.1034562765   -0.0150777796    27    31 Co31
  -0.4552761083   -0.4549712143   -0.3264813521    27    32 Co32
   0.4909071917    0.4914438524   -0.0177285748    27    33 Co33
  -0.3897464494   -0.3910960604   -0.0134252034    27    34 Co34
  -0.4526792065   -0.4511805716    0.0546935326    27    35 Co35
  -0.4133685102   -0.4141592759   -0.1362459407    27    36 Co36
   0.0083341857    0.0088653012   -0.1382336249    27    37 Co37
   0.4513695853    0.4500744396    0.1718837227    27    38 Co38
  -0.0851268913   -0.0828318398    0.3726494772    27    39 Co39
   0.2862422354    0.3044065924    0.3754771365    27    40 Co40
   0.1470174731    0.1467163497    0.1670626050    28    41 Co41
   0.0446857915    0.0462352878    0.0636154037    27    42 Co42
  -0.4881348811   -0.4868874855   -0.1316682865    27    43 Co43
   0.2036128127    0.2020724558   -0.1370512993    27    44 Co44
   0.4535130375    0.4510387136   -0.4468514084    27    45 Co45
  -0.4919070946   -0.4919461106    0.4791908357    27    46 Co46
   0.1951197499    0.1964974973    0.4878856052    27    47 Co47
   0.4887190423    0.4891769457    0.3588903079    27    48 Co48
   0.0441270947    0.0455324055   -0.0459550656    13    49 Al1
   0.4499088624    0.4521259592    0.4467401623    13    50 Al2
  -0.0473932333   -0.0497516751    0.4565484781    13    51 Al3
  -0.1109353122   -0.1100731503    0.1983461381    13    52 Al4
   0.4101312573    0.4081555327    0.0939575744    13    53 Al5
  -0.3553975013   -0.3553850351   -0.0996146126    13    54 Al6
   0.2978708497    0.2996562196   -0.2846679260    13    55 Al7
  -0.3292154200   -0.3351202170    0.3975510439    13    56 Al8
   0.4516688113    0.4538552023    0.2757890305    13    57 Al9
  -0.0763064028   -0.0748632046    0.0106293751    13    58 Al10
  -0.2786744249   -0.2422583292    0.4017519863    13    59 Al11
  -0.2561726369   -0.2244158755    0.2775995884    13    60 Al12
  -0.4532808635   -0.4537447828   -0.2210532509    13    61 Al13
   0.3914088661    0.3922875894   -0.4068161228    13    62 Al14
   0.0482642948    0.0478250969    0.3949204747    13    63 Al15
  -0.4107928443   -0.4112419436   -0.4041740784    13    64 Al16
   0.1447402162    0.1446562031   -0.0991685554    13    65 Al17
   0.1077378411    0.1028966315    0.0941998733    13    66 Al18
  -0.4523790301   -0.4520709599    0.3937873294    13    67 Al19
   0.1729874061    0.1704701826   -0.2359962508    13    68 Al20
   0.2910565460    0.2933974210    0.0877672535    13    69 Al21
   0.4887798623    0.4886086091    0.0936560376    13    70 Al22
  -0.0477048272   -0.0492253737    0.2782147809    13    71 Al23
  -0.1067074013   -0.1101748518   -0.4070528307    13    72 Al24
  -0.1364496305   -0.1361819000    0.0619717336    13    73 Al25
  -0.3725861143   -0.3743349459   -0.2182419408    13    74 Al26
  -0.4872046662   -0.4884575192   -0.4111989747    13    75 Al27
   0.3320468884    0.3296744790   -0.1038293739    13    76 Al28
   0.3532618478    0.3523976101   -0.2149373239    13    77 Al29
   0.1450685156    0.1436463993    0.2783677393    13    78 Al30
  -0.0499256305   -0.0489778203   -0.1035908285    13    79 Al31
  -0.0141464128   -0.0130656968    0.0929385000    13    80 Al32
  -0.1514402266   -0.1410642458    0.4009928780    13    81 Al33
   0.1398653849    0.1411686310   -0.4580007493    13    82 Al34
   0.2009788159    0.2073464319    0.2090849112    13    83 Al35
   0.2050431159    0.2083198540   -0.4135847987    13    84 Al36
   0.4174190235    0.4162562685   -0.2619494938    13    85 Al37
   0.0463018612    0.0468818529   -0.2213157481    13    86 Al38
   0.0091359150    0.0091572215   -0.4022426317    13    87 Al39
  -0.3416235959   -0.3446030593   -0.3216042440    13    88 Al40
   0.2532839291    0.2188727463    0.4037396869    13    89 Al41
  -0.2966543961   -0.3017683497    0.2093859103    13    90 Al42
  -0.3576124256   -0.3564711018    0.2835209749    13    91 Al43
  -0.2014708399   -0.2043545137   -0.1861393505    13    92 Al44
  -0.4211835727   -0.4194294038    0.2119807461    13    93 Al45
   0.2919586324    0.2936721764    0.4816092902    13    94 Al46
   0.3728956829    0.3721216973    0.2810278121    13    95 Al47
  -0.2069713191   -0.2030776772    0.0879591483    13    96 Al48
   0.0767677220    0.0749730372   -0.4911760719    13    97 Al49
   0.3826282713    0.3818451257   -0.0209454667    13    98 Al50
   0.2424198378    0.2409143869   -0.2193966055    13    99 Al51
  -0.2770596165   -0.2768768648    0.0809369649    13   100 Al52
   0.1616593275    0.1665727168    0.3986650355    13   101 Al53
  -0.2343843788   -0.2351383654   -0.4760333976    13   102 Al54
   0.0685110052    0.0698986147    0.2701684104    13   103 Al55
  -0.3302424089   -0.3293483866    0.0123662093    13   104 Al56
   0.2790745363    0.2486545929    0.2799488350    13   105 Al57
  -0.0506628923   -0.0523743141   -0.3297557404    13   106 Al58
   0.1859072542    0.1874550242    0.0852616884    13   107 Al59
   0.2636310585    0.2612768754   -0.1088768170    13   108 Al60
   0.1106457175    0.1096588737   -0.3001016595    13   109 Al61
  -0.2952683569   -0.2965156599   -0.4106027680    13   110 Al62
   0.4839236641    0.4838385007   -0.2904592356    13   111 Al63
   0.3291937494    0.3315281726    0.1908903770    13   112 Al64
  -0.2923580984   -0.2916602540   -0.2346906202    13   113 Al65
  -0.0323195221   -0.0324642731   -0.2204936083    13   114 Al66
   0.2909073643    0.2916278105   -0.4028632540    13   115 Al67
  -0.1463226806   -0.1490776153   -0.0590976864    13   116 Al68
   0.0354960646    0.0370811801    0.1729673955    13   117 Al69
   0.0050000000    0.0050000000    0.2469000000     0   118 Al70
  -0.1683586762   -0.1679795367   -0.4695870444    13   119 Al71
  -0.2577635350   -0.2601131552   -0.0526579315    13   120 Al72
  -0.2049313120   -0.2016820847   -0.3502778867    13   121 Al73
   0.2264816726    0.2272744546   -0.0071048315    13   122 Al74
  -0.1109531264   -0.1106119605   -0.2382844610    13   123 Al75
  -0.4498740512   -0.4502247348   -0.0493292313    13   124 Al76
   0.4504670849    0.4508614760   -0.1042274064    13   125 Al77
  -0.3934821906   -0.3903336739    0.0915101360    13   126 Al78
  -0.3879716193   -0.3890381374    0.4810327000    13   127 Al79
  -0.1681410146   -0.1685070625    0.2701370033    13   128 Al80
  -0.4786643356   -0.4768756678    0.2668557608    13   129 Al81
  -0.4831316700   -0.4831316800    0.1898961500     0   130 Al82
   0.3577545266    0.3496301487    0.4009392390    13   131 Al83
   0.2982680287   -0.1997702699    0.2288288525    27   132 Co49
  -0.2021658464    0.3001434670    0.2288850613    27   132 Co49
   0.0452559330   -0.4518918775   -0.4612267698    27   133 Co50
  -0.4529885676    0.0456372857   -0.4621593464    27   133 Co50
   0.1027500859   -0.3918109630    0.2313996860    27   134 Co51
  -0.3943091160    0.1041160734    0.2317613082    27   134 Co51
   0.2019070514   -0.2993005198   -0.2722521397    27   135 Co52
  -0.2979489284    0.2003037037   -0.2721773405    27   135 Co52
  -0.1460857135    0.3569573442   -0.4667117528    27   136 Co53
   0.3569238180   -0.1455891292   -0.4667013795    27   136 Co53
  -0.0497262666    0.4543899217    0.0379212425    27   137 Co54
   0.4533835508   -0.0487303549    0.0382884860    27   137 Co54
  -0.1039238747    0.3907999904   -0.2695724692    27   138 Co55
   0.3938509973   -0.1067137724   -0.2696914556    27   138 Co55
  -0.3590491702    0.1443480205    0.0345967949    27   139 Co56
   0.1444420752   -0.3591977957    0.0342785967    27   139 Co56
  -0.0837954785    0.4156195013    0.2288367773    28   140 M1
   0.4174896319   -0.0833811039    0.2309601396    28   140 M1
  -0.0409595631   -0.4784262860   -0.1555666279    13   141 M2
  -0.4772998487   -0.0425743269   -0.1555453006    13   141 M2
  -0.0186252116   -0.4562704720   -0.2704602925    13   142 M3
  -0.4559536146   -0.0188218270   -0.2702943928    13   142 M3
   0.0098379646   -0.4919447086    0.3471340232    13   143 M4
  -0.4937612126    0.0099556674    0.3450169911    28   143 M4
   0.0164564930   -0.4239170431   -0.0835819931    13   144 M5
  -0.4217272863    0.0141613968   -0.0836625166    13   144 M5
  -0.1054495454    0.3922988240    0.3455999142    28   145 M6
   0.3943712101   -0.1048656672    0.3451577526    28   145 M6
  -0.3836184606    0.0495805384   -0.2681473975    13   146 M7
   0.0493623337   -0.3824440714   -0.2677034982    13   146 M7
   0.0733813467   -0.3651513335   -0.1540547211    13   147 M8
  -0.3638028478    0.0716551243   -0.1543388540    13   147 M8
   0.0952960818    0.4993222810   -0.1869102585    27   148 M9
  -0.4977524447    0.0917573692   -0.1862965569    27   148 M9
  -0.0457500023    0.4552165295    0.4118618251    28   149 M10
   0.4513414341   -0.0519509335    0.4163154931    28   149 M10
  -0.0116731699    0.4888074049    0.2375058283    28   150 M11
   0.4848170805   -0.0126414910    0.2294367221    28   150 M11
  -0.0507594976    0.4471992569    0.3114291647    13   151 Co57
   0.4485731492   -0.0454220176    0.3135523006    13   151 Co57
  -0.0851914823    0.3002686594   -0.1900108262    13   152 Al84
   0.3001872390   -0.0848979828   -0.1900857969    13   152 Al84
   0.2564721444   -0.2471449416    0.4192791758    13   153 Al85
  -0.2476306127    0.2563881828    0.4190946141    13   153 Al85
   0.1197469427   -0.4011835917    0.1272530224    13   154 Al86
  -0.4015602069    0.1196468807    0.1276927236    13   154 Al86
  -0.1030428413    0.4362883659    0.4990940144    13   155 Al87
   0.4393278607   -0.1065174589   -0.4975582721    13   155 Al87
   0.2516245030   -0.3437699077   -0.3736919464    13   156 Al88
  -0.3421455153    0.2500154138   -0.3734049236    13   156 Al88
  -0.0866481249    0.4343797361   -0.1748053907    13   157 Al89
   0.4348445509   -0.0877064976   -0.1741405970    13   157 Al89
   0.1477478868   -0.3530891816    0.4231434466    13   158 Al90
  -0.3515473535    0.1495053254    0.4239953045    13   158 Al90
  -0.2013139042    0.3712425217    0.3145999809    13   159 Al91
   0.3695315228   -0.1982055896    0.3145111110    13   159 Al91
  -0.0331747125    0.4345549223   -0.3127363311    13   160 Al92
   0.4356725668   -0.0341127845   -0.3130248734    13   160 Al92
   0.0233201646   -0.4328313426    0.1976234461    13   161 Al93
  -0.4349589951    0.0244986601    0.1959480934    13   161 Al93
  -0.2024100148    0.2980954410   -0.1425811408    13   162 Al94
   0.2975074301   -0.2017181103   -0.1426842071    13   162 Al94
  -0.2605149894    0.2316709620   -0.4718600134    13   163 Al95
   0.2328008520   -0.2607472879   -0.4716227530    13   163 Al95
  -0.2561356300    0.3570854163   -0.4993886189    13   164 Al96
   0.3593378927   -0.2576818393   -0.4996228905    13   164 Al96
  -0.1511088428    0.3543515228   -0.0766062136    13   165 Al97
   0.3544914692   -0.1510378250   -0.0767926746    13   165 Al97
   0.0967427170   -0.4212066545   -0.3810747968    13   166 Al98
  -0.4228217394    0.0985412325   -0.3822965944    13   166 Al98
   0.2117708203   -0.3817259610    0.2109827136    13   167 Al99
  -0.3828495102    0.2124425035    0.2119929328    13   167 Al99
   0.2605140446   -0.2332149393    0.0300057100    13   168 Al100
  -0.2336628937    0.2611080668    0.0298028678    13   168 Al100
  -0.1054565708    0.3218549797    0.1945294608    13   169 Al101
   0.3237442307   -0.1058036771    0.1953108180    13   169 Al101
   0.1789193130   -0.3396644376   -0.1813943184    13   170 Al102
  -0.3390783237    0.1781595510   -0.1814568804    13   170 Al102
   0.2330393185   -0.2064578715   -0.3032637556    13   171 Al103
  -0.2061762280    0.2323813892   -0.3034087153    13   171 Al103
  -0.1384849379    0.2652661892   -0.3925463034    13   172 Al104
   0.2651682635   -0.1380295990   -0.3924722427    13   172 Al104
  -0.1122352753    0.3238080789    0.4268435463    13   173 Al105
   0.3257825897   -0.1118698998    0.4270023530    13   173 Al105
  -0.1000999865    0.3754496006   -0.3782270669    13   174 Al106
   0.3775441683   -0.1018419187   -0.3781844838    13   174 Al106
   0.1052725076   -0.4599203014    0.3207442436    13   175 Al107
  -0.4641255911    0.0992423395    0.3185954822    13   175 Al107
   0.2041603677   -0.3026559748    0.3543246061    13   176 Al108
  -0.3041000309    0.2054631883    0.3530742714    13   176 Al108
   0.0050248501   -0.4775420753    0.0180444872    13   177 Al109
  -0.4783867073    0.0058919390    0.0176005691    13   177 Al109
  -0.0540548272    0.3443300217    0.0106706384    13   178 Al110
   0.3438774646   -0.0534058800    0.0109371068    13   178 Al110
  -0.1193520197    0.4493051270    0.1248800816    13   179 Al111
   0.4487489497   -0.1171641180    0.1263145644    13   179 Al111
  -0.0473961986    0.4393436620   -0.0673595518    13   180 Al112
   0.4403841195   -0.0478200684   -0.0669762383    13   180 Al112
   0.0225790494    0.4504291210   -0.4991452041    13   181 Al113
   0.4529450144    0.0183827832   -0.4977798705    13   181 Al113
   0.0127319128   -0.4095649094    0.4337163704    13   182 Al114
  -0.4221857040    0.0151343387    0.4282960374    13   182 Al114
   0.0973069536   -0.4345942906    0.0123012045    13   183 Al115
  -0.4348157990    0.0977845760    0.0119244318    13   183 Al115
   0.1393631667   -0.3368781808   -0.0723846786    13   184 Al116
  -0.3358657235    0.1379829111   -0.0722904780    13   184 Al116
  -0.3048843607    0.0822557659    0.3125238065    13   185 Al117
   0.0822711658   -0.3019975038    0.3114282462    13   185 Al117
   0.1381706173   -0.2710190983    0.1108835704    13   186 Al118
  -0.2696863067    0.1361920504    0.1115812009    13   186 Al118
   0.2816436625   -0.3055762890   -0.1913866309    13   187 Al119
  -0.3058166200    0.2818476525   -0.1913890632    13   187 Al119
  -0.2130610897    0.3795211014   -0.2914090224    13   188 Al120
   0.3803743351   -0.2137422999   -0.2912714711    13   188 Al120
   0.2085501925   -0.1839540828    0.3063162181    13   189 Al121
  -0.1860157038    0.2102491125    0.3063221734    13   189 Al121
   0.1547178285   -0.4482149387   -0.4927893706    13   190 Al122
  -0.4454660948    0.1499640742   -0.4961853016    13   190 Al122
  -0.2492244598    0.3442845869    0.1287789910    13   191 Al123
   0.3422080027   -0.2462573620    0.1286002872    13   191 Al123
   0.2397591783   -0.2529352522   -0.0779935745    13   192 Al124
  -0.2539468322    0.2408385153   -0.0779690546    13   192 Al124
   0.1388672016   -0.3503535137   -0.3189130754    13   193 Al125
  -0.3506619783    0.1385836674   -0.3191811051    13   193 Al125
   0.0205574472    0.4564742351    0.1289183019    13   194 Al126
   0.4522740958    0.0256986833    0.1266824127    13   194 Al126
   0.1670651731   -0.3292059595   -0.4698158082    13   195 Al127
  -0.3281766342    0.1648170166   -0.4684578063    13   195 Al127
   0.2413294351   -0.2675857778    0.1933830114    13   196 Al128
  -0.2675835804    0.2407437704    0.1934303905    13   196 Al128
   0.3292517030   -0.1694429449    0.0297719567    13   197 Al129
  -0.1687720220    0.3287488843    0.0303495686    13   197 Al129
   0.2586327763   -0.3605477812    0.0059776684    13   198 Al130
  -0.3611836975    0.2592370251    0.0061520634    13   198 Al130
  -0.0059351109   -0.4865878872   -0.3846625516    13   199 Al131
  -0.4883094759   -0.0049120818   -0.3848367974    13   199 Al131